1994     33,294803
1995     33,557023
1996     42,189883
1997     52,841804
1998     52,379797
1999     70,398321
2000     77,420694
2001     88,173648
2002    101,123843
2003    104,858540
2004    123,545424
2005    139,274919
2006    148,470880
2007    166,953176
2008    187,394210
2009    205,348590
2010    217,289856
2011    231,693646
2012    256,406099
2013    273,396415
2014    294,696499
2015    314,091410
2016    331,605597
2017    341,058411
2018    358,576702
2019    376,503857
2020    384,668091
2021    403,531216
2022    412,051790
2023    422,043606
2024    438,954653
2025    439,045149
2026    451,660183